{
 "cells": [
  {
   "cell_type": "code",
   "execution_count": 1,
   "metadata": {},
   "outputs": [],
   "source": [
    "import numpy as np"
   ]
  },
  {
   "cell_type": "code",
   "execution_count": 4,
   "metadata": {},
   "outputs": [
    {
     "name": "stdout",
     "output_type": "stream",
     "text": [
      "dot a*b is 0\n",
      "dot a*c is 0\n",
      "dot b*c is 0\n"
     ]
    }
   ],
   "source": [
    "a = np.array([4, 1, 0])\n",
    "b = np.array([-1, 4, 0])\n",
    "c = np.array([0, 0, 1])\n",
    "print(f\"dot a*b is {np.dot(a, b)}\")\n",
    "print(f\"dot a*c is {np.dot(a, c)}\")\n",
    "print(f\"dot b*c is {np.dot(b, c)}\")"
   ]
  },
  {
   "cell_type": "code",
   "execution_count": 5,
   "metadata": {},
   "outputs": [
    {
     "name": "stdout",
     "output_type": "stream",
     "text": [
      "[[-1.875    2.3125  -0.03125]\n",
      " [ 0.375   -0.5625   0.15625]\n",
      " [ 1.25    -1.375   -0.0625 ]]\n"
     ]
    }
   ],
   "source": [
    "A = np.array([[8, 6, 11], [7, 5, 9],[6, 10, 6]])\n",
    "print(np.linalg.inv(A))"
   ]
  },
  {
   "cell_type": "code",
   "execution_count": 11,
   "metadata": {},
   "outputs": [
    {
     "name": "stdout",
     "output_type": "stream",
     "text": [
      "4\n"
     ]
    }
   ],
   "source": [
    "v1 = np.array([9, 10, 7, 7, 9])\n",
    "v2 = np.array([2, 0, 5, 1, 4])\n",
    "v3 = np.array([4, 0, 0, 4, 1])\n",
    "v4 = np.array([3, -4, 3, -1, -4])\n",
    "A = np.array([v1, v2, v3, v4]).T\n",
    "print(np.linalg.matrix_rank(A))"
   ]
  },
  {
   "cell_type": "code",
   "execution_count": 12,
   "metadata": {},
   "outputs": [
    {
     "name": "stdout",
     "output_type": "stream",
     "text": [
      "[[360  96  73 -35]\n",
      " [ 96  46  16   4]\n",
      " [ 73  16  33   4]\n",
      " [-35   4   4  51]]\n"
     ]
    }
   ],
   "source": [
    "G = np.dot(A.T, A)\n",
    "print(G)"
   ]
  },
  {
   "cell_type": "code",
   "execution_count": 13,
   "metadata": {},
   "outputs": [
    {
     "name": "stdout",
     "output_type": "stream",
     "text": [
      "3716648\n"
     ]
    }
   ],
   "source": [
    "print(round(np.linalg.det(G)))"
   ]
  },
  {
   "cell_type": "code",
   "execution_count": 15,
   "metadata": {},
   "outputs": [
    {
     "name": "stdout",
     "output_type": "stream",
     "text": [
      "[[ 0.01711488 -0.02798543 -0.02623063  0.01599775]\n",
      " [-0.02798543  0.071967    0.03031441 -0.02722776]\n",
      " [-0.02623063  0.03031441  0.07683106 -0.02640498]\n",
      " [ 0.01599775 -0.02722776 -0.02640498  0.03479318]]\n"
     ]
    }
   ],
   "source": [
    "print(np.linalg.inv(G))"
   ]
  }
 ],
 "metadata": {
  "kernelspec": {
   "display_name": ".venv",
   "language": "python",
   "name": "python3"
  },
  "language_info": {
   "codemirror_mode": {
    "name": "ipython",
    "version": 3
   },
   "file_extension": ".py",
   "mimetype": "text/x-python",
   "name": "python",
   "nbconvert_exporter": "python",
   "pygments_lexer": "ipython3",
   "version": "3.11.1"
  }
 },
 "nbformat": 4,
 "nbformat_minor": 2
}
